541  829  198  885  674  
237  357  259  
720  703  828  229  625  331  
340  400  831  545  
945  456  629  493  508  
237  149  594  749  190  138  
797  762  924  792  
378  628  621  491  
208  337  587  762  807  673  
487  952  642  505  419  
291  400  396  
463  557  497  151  266  357  101  
905  210  663  113  
677  321  555  332  
954  553  627  653  
703  106  992  843  602  266  
472  189  773  513  156  135  
107  264  684  320  874  
355  123  781  423  
669  531  198  555  303  
318  441  824  233  496  
114  387  454  562  
100  608  659  
696  209  649  137  809  
530  884  447  398  581  
991  994  897  
872  895  796  188  
916  827  238  129  
852  624  459  488  880  707  231  790  
732  857  134  977  
565  135  995  497  122  941  
887  217  661  496  622  
472  971  187  164  
963  667  223  238  666  
280  496  333  681  132  803  565  
716  643  647  285  895  
708  772  647  537  982  
624  849  827  609  498  928  666  191  
239  269  527  111  577  
593  950  578  463  724  121  592  959  
717  592  293  468  792  
167  925  476  785  586  994  
575  635  607  486  
622  511  201  584  334  268  
577  277  412  730  
527  744  713  644  
420  915  411  344  716  
229  246  396  710  
347  425  321  118  
554  360  307  379  916  
865  855  666  849  174  502  
266  757  949  661  
792  591  559  348  802  702  
773  746  344  983  406  562  
469  312  558  706  714  720  
355  954  610  443  120  
516  934  895  618  521  109  
709  813  695  309  758  955  
341  525  312  806  730  942  829  
867  112  205  733  125  724  495  401  
348  253  501  131  139  
368  758  159  
139  190  169  547  233  
441  813  618  796  
643  687  683  
895  874  217  852  
411  483  995  616  660  
469  366  398  463  358  159  
769  150  318  723  
575  662  165  302  376  351  
510  821  262  627  
829  669  750  
796  766  424  
352  485  115  172  810  
632  760  203  631  258  
702  999  354  578  858  870  718  
341  522  683  462  254  
386  924  626  241  319  112  
816  525  859  823  621  201  
461  409  864  472  472  486  429  
506  675  155  349  
815  818  670  711  
656  450  199  866  604  920  
952  749  503  
732  206  817  
448  769  537  780  208  
622  984  190  
180  886  393  736  
159  880  387  358  997  
107  879  790  397  
290  629  108  250  925  567  830  909  
865  315  165  733  107  840  358  
674  215  528  576  
747  360  972  192  747  
213  990  903  145  
753  103  207  716  193  
166  381  894  686  201  
874  244  389  
600  213  705  428  458  875  825  
276  701  470  357  131  
751  874  179  821  571  810  464  
204  862  111  867  861  
833  418  821  605  609  390  
440  852  595  248  
364  185  467  690  292  933  262  
574  432  308  626  
365  873  706  637  714  738  736  751  518  
656  576  144  504  373  325  
903  558  870  656  284  473  
747  980  460  
463  717  732  934  785  
928  797  829  383  791  299  813  
527  819  798  313  
157  398  493  585  650  348  
666  894  280  903  575  367  593  
834  150  604  
520  106  140  943  339  
523  540  677  840  828  
953  886  995  352  363  730  499  
435  720  937  481  925  
574  691  777  
632  606  940  879  
376  803  466  296  685  425  
505  142  403  721  251  
155  154  805  974  304  
245  712  910  822  248  
745  338  285  943  730  
608  191  576  
283  180  444  523  369  
904  646  131  891  728  361  905  
412  629  717  857  
571  433  532  401  709  801  877  923  985  
673  706  124  293  904  763  375  142  
847  312  129  706  132  463  559  430  
265  880  290  396  211  988  140  
985  407  702  521  648  
132  245  637  291  
352  159  818  396  
922  964  100  474  
745  635  703  473  768  381  
743  691  591  664  192  238  
588  636  617  260  330  
603  806  167  961  961  414  818  691  
827  944  591  
981  260  264  196  
575  127  731  260  939  257  
585  478  188  
860  445  656  988  631  268  
161  655  898  535  260  655  
610  326  461  
140  952  968  426  243  
501  925  329  
617  749  463  901  611  
950  710  802  300  108  419  
881  846  534  561  293  426  136  
417  263  212  489  799  
106  117  303  871  
436  744  167  147  
749  154  302  172  460  772  
123  531  657  697  203  465  548  
398  867  916  697  
670  569  591  391  402  
361  823  219  527  761  654  704  
970  761  895  972  239  
526  906  493  774  334  
521  100  537  457  241  202  613  
372  515  723  946  769  703  195  672  
940  612  358  
210  292  580  757  387  797  
316  584  358  373  
602  793  979  315  
344  550  855  
889  159  167  791  585  919  
501  643  333  901  
605  149  895  231  824  
916  422  431  144  200  
878  726  281  847  
323  428  881  916  
533  201  465  
202  370  732  394  189  
585  975  817  559  
139  412  339  180  970  905  333  
609  268  888  958  584  407  
952  970  802  972  583  389  421  
493  354  430  557  847  
329  411  374  531  635  613  870  
423  373  998  195  667  
561  235  963  
168  252  256  352  
401  599  790  498  
508  942  250  419  294  
590  370  480  610  
586  817  502  743  123  
403  595  546  143  
903  756  550  831  
381  102  500  336  449  
765  555  612  477  571  967  
604  385  879  339  
553  172  219  869  261  
625  833  938  104  761  567  240  
101  988  944  526  418  
338  512  148  433  920  859  
159  142  586  221  880  
189  351  235  548  855  861  596  
205  798  442  420  
732  152  297  880  100  248  
267  111  347  304  659  402  878  959  
135  127  652  399  516  765  
423  839  842  644  650  757  336  
216  978  277  873  402  144  522  
699  809  432  302  172  753  
356  937  277  869  809  
523  171  915  974  539  943  548  
471  327  749  
545  492  135  951  497  951  392  710  
259  253  396  
351  389  857  556  418  
413  383  510  943  216  
488  738  186  977  144  
459  449  508  300  
764  861  194  632  881  
596  459  901  115  
389  379  386  552  686  
605  814  362  453  261  
345  585  563  269  598  100  
588  916  786  840  608  624  970  613  324  
962  256  730  468  910  
765  899  894  618  996  461  
804  520  660  860  654  233  679  
844  665  443  792  872  
502  397  771  875  186  
269  733  308  592  
788  842  784  
783  291  136  487  448  897  
639  261  730  116  
383  898  912  920  176  229  286  345  
954  431  150  461  
714  238  682  800  485  
997  576  544  
247  562  805  569  922  602  
638  427  299  405  
964  966  196  292  804  694  
881  171  475  881  308  198  
888  134  760  223  533  256  254  
518  973  545  796  674  351  
252  259  559  427  168  593  329  
385  378  356  
768  262  718  308  
390  412  689  231  936  994  
814  537  471  355  
628  599  467  388  786  374  
442  167  758  
493  708  576  815  919  332  236  988  
736  549  592  749  
319  449  313  980  869  
680  141  566  832  
648  334  654  937  246  588  287  432  211  119  
144  935  205  801  755  
418  143  418  665  
548  226  322  620  292  
383  898  110  592  
855  782  426  498  
841  915  866  449  523  
856  316  824  829  
215  116  258  286  247  
937  912  243  711  
246  345  338  720  686  
878  122  539  870  997  324  915  
666  960  209  998  
986  837  802  469  803  
907  249  427  
819  854  406  408  187  944  449  
460  391  327  868  744  
312  738  781  569  104  199  542  
906  764  489  902  432  739  468  
252  208  178  719  756  993  
399  485  223  242  
271  547  881  
109  613  175  
446  518  253  
415  196  270  280  
731  290  171  798  698  832  104  248  
305  547  256  732  574  863  987  
877  935  477  737  955  
453  884  733  529  
318  292  270  250  699  436  
961  370  531  529  782  420  894  546  
789  713  901  873  
379  508  837  784  152  170  880  253  364  
199  368  581  402  594  
672  685  159  573  950  
258  598  218  419  560  
370  864  992  898  983  
933  753  685  646  
165  287  294  257  507  963  737  
205  126  245  626  258  
672  765  846  558  104  595  
986  167  907  979  270  
799  338  151  271  
612  507  469  570  383  618  118  220  
172  938  572  842  881  
442  896  709  
520  859  233  965  553  
157  185  278  678  544  752  335  638  
594  136  549  620  606  544  
908  382  747  
774  811  771  957  688  
784  154  652  729  668  906  
402  514  414  
381  270  642  744  600  235  
728  308  626  556  523  
358  887  878  493  191  
136  877  915  229  
279  145  589  883  607  882  982  
788  832  795  495  266  
341  564  457  340  780  599  
760  685  703  441  517  406  951  
592  349  295  653  580  248  712  
351  377  301  719  172  
144  965  720  504  146  
586  851  280  768  217  253  745  
603  186  269  377  606  363  
316  677  691  974  254  854  
619  207  847  
811  499  709  865  
952  600  948  
696  882  536  732  919  
710  205  454  
290  625  814  154  
548  752  759  891  
953  468  170  372  
822  732  340  167  793  981  793  
888  297  480  
246  207  450  
591  982  985  966  224  
700  192  965  
719  564  336  144  377  
733  149  701  115  165  
792  434  501  
650  790  736  732  
580  207  490  531  564  429  249  
837  885  617  583  687  
511  478  610  
809  599  467  549  882  
802  364  481  927  469  632  953  
434  793  149  112  922  
139  425  477  
871  234  765  482  
497  685  630  286  311  946  451  
267  309  482  458  883  
289  481  148  570  751  761  
874  391  875  430  154  
428  200  117  164  
230  968  363  299  
706  853  554  632  553  
770  145  515  361  992  
469  192  727  765  410  
383  941  978  222  
946  925  108  993  357  612  
493  640  426  
935  324  253  841  447  434  564  
564  506  897  852  767  
744  694  884  895  114  
628  930  803  630  821  986  244  
557  519  940  549  
581  291  589  170  722  666  
214  796  552  279  491  
559  502  517  559  
870  850  295  630  268  658  959  
595  412  197  720  
706  363  243  761  294  694  859  158  
924  622  892  503  
538  509  563  227  641  450  
613  989  192  894  
244  594  646  838  361  718  
970  521  703  813  421  
318  980  392  109  
385  423  429  761  755  559  560  
520  430  748  633  514  231  430  
112  694  149  438  583  
931  718  381  
672  150  104  795  
681  320  897  669  868  
411  264  154  736  472  
489  824  448  452  124  
233  693  562  
163  661  690  780  711  497  622  940  
745  391  637  355  
596  806  143  752  
793  285  725  545  
377  470  553  161  
205  113  224  238  294  
449  896  549  310  957  
458  406  911  372  
464  423  693  710  
771  732  257  816  589  481  918  
367  669  967  
750  534  465  285  142  809  534  
597  288  678  615  
338  436  441  103  516  263  
406  984  205  122  382  323  460  194  983  
276  595  450  542  
895  292  434  686  857  
465  591  625  
745  658  365  305  686  
625  761  122  508  
883  785  614  697  
437  496  404  164  273  132  
454  511  710  892  832  
286  795  331  663  409  520  
275  120  216  199  695  
491  947  697  411  686  450  
218  591  805  371  546  501  
814  228  625  996  261  163  759  
643  201  398  313  434  
803  656  207  910  163  115  522  277  
285  669  308  955  
937  925  401  354  405  804  987  
408  185  420  448  575  988  818  
144  933  641  326  842  291  305  287  
133  412  433  
871  308  436  852  
485  885  391  202  
248  281  410  612  219  
169  483  863  751  874  916  375  599  
185  185  838  780  122  
775  543  337  306  213  928  155  759  354  901  
123  668  568  519  199  
104  225  662  952  951  739  
272  519  771  
291  234  251  882  851  
494  698  342  958  
802  863  617  110  904  872  423  459  426  
192  563  517  491  
932  541  607  
624  295  649  850  673  563  158  
433  650  477  643  470  639  
929  137  644  141  
661  877  668  996  
876  997  581  861  915  850  
737  526  639  638  569  318  341  530  
398  587  984  411  293  
176  188  669  161  544  
990  809  195  
580  930  279  847  
317  487  504  
278  897  598  332  997  228  
330  380  987  250  175  
533  197  446  296  
363  677  854  
221  172  509  538  264  788  
413  429  414  235  
964  238  157  404  576  675  
886  737  699  
536  447  687  458  461  
638  656  450  564  884  418  
536  182  141  290  518  329  813  195  389  
176  382  369  548  778  
816  530  405  408  
149  986  367  
859  317  329  690  172  866  715  
526  379  430  
527  579  251  540  568  762  
362  579  100  196  
166  331  937  139  128  175  171  
516  844  543  442  
980  338  251  552  
284  348  163  185  924  895  
397  532  954  765  552  616  869  
398  437  354  642  404  687  922  
719  616  739  958  707  
789  125  351  508  
303  858  905  
764  841  913  
255  603  955  679  918  931  878  737  
577  553  397  269  411  441  
673  612  839  478  766  
220  161  295  169  612  163  
206  398  576  
259  263  283  790  834  944  
486  887  740  486  830  266  
722  791  999  715  878  
442  843  547  850  515  300  
359  185  272  264  
950  924  696  112  195  
587  593  315  200  543  144  
503  604  485  119  265  902  
573  958  491  571  200  
318  177  604  523  
555  675  769  398  575  270  
708  406  913  
631  471  112  326  957  
584  949  893  
159  390  930  
230  331  685  755  143  935  
451  487  514  229  754  635  
261  644  424  282  
895  291  612  349  
291  568  885  168  
496  541  961  
998  654  361  184  280  123  
820  378  647  153  715  
108  646  966  
290  769  350  
601  456  250  253  
385  531  379  312  275  590  809  
103  351  584  160  833  539  
936  783  592  886  463  
163  558  444  260  837  
850  459  411  918  764  
550  215  421  936  
298  992  164  280  511  641  124  286  
103  860  477  487  402  949  992  665  
238  921  951  356  272  
733  627  522  
688  868  227  400  429  
981  602  686  863  
627  789  229  197  333  146  
987  537  205  652  475  
579  595  967  307  
489  257  212  337  773  991  583  
355  625  892  147  
867  275  587  644  368  
370  650  415  787  661  
701  907  265  166  133  
129  156  221  721  
748  594  463  353  443  
810  206  121  604  772  849  
714  911  613  660  870  405  476  499  
306  323  760  591  498  
187  952  630  645  
361  578  189  627  
272  503  113  897  419  
935  301  522  376  
198  247  373  865  379  464  
474  656  176  905  531  
772  778  857  857  447  
648  241  798  
419  754  722  186  
413  489  418  645  844  726  
329  944  396  344  
466  919  432  397  296  167  170  496  
351  609  933  369  545  
162  633  340  662  
800  140  626  448  338  217  
331  567  993  761  424  
170  218  527  146  
801  781  655  560  695  854  243  866  
585  249  701  944  535  465  
757  566  297  
320  713  187  177  469  390  
227  179  702  880  
488  152  182  515  289  522  
324  815  238  717  692  882  
426  353  508  646  890  293  
585  736  718  816  136  
356  540  105  418  
173  959  369  300  857  944  970  698  
669  338  878  930  735  148  834  
638  930  236  160  865  533  809  213  931  
367  371  214  970  995  801  
403  352  750  883  389  
580  525  917  965  939  703  982  
531  236  664  559  
957  628  816  422  817  512  
514  540  127  705  
997  345  173  982  701  507  
768  733  579  345  386  575  
430  225  215  802  
228  138  540  359  928  
140  638  887  388  
457  291  904  706  112  864  
494  464  689  845  761  
229  421  702  694  
203  853  252  681  664  473  689  
248  957  610  753  
718  486  485  836  
424  645  783  
527  751  332  603  
773  937  722  255  395  282  156  
249  331  476  
913  530  652  276  520  
605  470  548  511  
167  293  913  539  917  822  
203  809  864  243  486  537  433  632  
874  311  325  786  
981  387  231  169  614  178  
845  538  370  492  
528  211  728  466  404  
682  115  167  507  379  892  
584  701  242  360  336  
778  812  932  685  186  505  
678  806  928  
631  716  735  131  244  
467  995  320  430  265  155  802  
953  284  549  175  917  396  
269  295  851  176  116  219  
187  556  539  
161  527  695  136  
910  466  684  237  262  
297  746  665  161  
174  364  550  217  367  685  
496  838  925  966  485  
106  636  952  546  694  379  
326  494  238  500  
707  681  161  456  410  
492  484  819  390  
888  952  409  337  331  
182  459  203  361  770  
662  224  561  
111  582  981  354  550  
605  609  299  
363  245  334  681  154  
978  747  239  
280  724  631  410  919  451  323  
527  841  904  941  
672  683  188  772  355  446  591  522  713  
643  721  825  452  635  
934  978  627  995  
136  745  943  183  393  978  725  
694  889  462  919  185  146  478  328  164  
410  431  481  259  444  839  230  
643  490  574  452  770  
890  953  709  435  562  
337  587  564  253  464  658  
277  554  842  973  590  918  536  
855  792  809  354  392  487  902  416  
700  723  541  238  991  
696  920  317  262  248  779  301  
675  465  282  525  319  731  453  946  
411  938  250  350  154  
628  161  255  810  873  278  552  278  
832  225  582  930  
600  159  410  205  412  368  
668  112  805  460  335  
584  624  158  611  234  926  968  
962  647  628  
124  971  296  214  301  
616  850  947  886  
696  949  664  731  257  
717  274  988  677  
443  337  932  694  343  
130  452  267  603  
850  538  507  134  
664  279  666  451  697  656  584  567  
869  815  583  496  552  898  429  
866  465  380  440  
534  445  582  575  795  839  
361  990  270  379  
532  547  423  
171  784  541  560  
483  740  359  507  558  
122  103  423  639  504  
968  831  331  996  694  
497  877  728  546  113  953  614  
812  170  513  567  158  310  636  
750  830  307  680  675  293  256  
930  103  445  961  571  156  414  
940  200  905  503  
660  380  525  417  615  580  
618  170  882  150  991  
793  373  443  656  757  709  293  735  
156  879  698  536  331  950  
478  899  947  557  294  352  
206  864  346  302  970  
674  794  437  719  722  507  
515  414  395  
751  674  811  330  
985  571  701  471  426  485  
200  827  504  104  
566  280  291  201  914  494  
804  999  832  555  649  275  659  
587  563  428  710  329  486  
530  166  850  783  302  649  341  701  
688  222  900  479  
831  468  542  486  
734  669  371  
293  894  430  342  563  
301  211  410  212  538  719  
856  652  660  353  857  858  742  
565  715  976  825  
239  858  747  878  417  
676  314  756  781  
394  380  457  
725  329  279  409  817  
506  774  824  882  723  
557  265  840  613  672  
403  935  199  
559  910  771  407  
133  592  926  753  927  
312  994  100  384  812  378  
246  234  425  946  
103  767  380  441  884  
797  484  168  139  938  
642  825  317  176  536  
984  919  376  667  
780  107  154  
248  496  473  
891  659  112  197  115  
756  110  417  432  630  
692  684  936  
868  978  678  203  
987  904  681  771  578  814  
660  361  338  913  
410  123  163  727  494  
972  860  705  146  144  995  402  
249  887  429  143  682  643  173  979  
688  680  219  415  
613  646  611  685  652  296  794  
654  941  431  512  377  418  
923  275  244  428  948  501  860  979  
362  380  916  668  955  938  360  
317  802  651  937  300  
512  802  755  
345  778  734  341  575  
121  232  202  265  855  300  578  
519  359  849  471  141  559  113  
681  267  769  562  726  
896  773  105  596  549  272  792  
330  118  469  821  899  894  338  
181  694  359  609  
974  216  564  521  190  
696  778  436  394  
793  361  929  136  
860  567  749  707  844  389  744  100  
644  301  597  
191  889  884  392  494  147  733  
669  559  149  756  502  929  680  
180  147  338  384  930  523  714  
620  723  971  383  797  336  
997  711  419  
161  853  413  692  
950  173  552  342  220  
372  573  875  677  782  591  
837  988  305  475  659  886  278  158  
840  434  372  
553  318  213  773  324  
947  647  173  644  
446  964  952  358  257  
160  766  465  149  
270  217  329  135  353  
872  452  566  190  256  671  
126  131  941  733  
981  594  638  912  106  
494  788  546  518  
390  623  167  
559  677  881  628  255  
879  296  810  500  399  
381  286  232  884  558  953  491  739  
818  242  893  
444  765  728  246  646  882  
943  199  884  753  124  340  
747  936  191  401  454  
802  217  509  921  478  
831  466  120  166  986  549  738  
679  599  139  842  269  
511  482  251  689  208  
901  414  973  868  805  322  
603  438  256  349  737  
869  536  984  276  783  682  886  
956  464  153  583  971  
282  907  704  867  253  302  712  
589  912  700  176  
851  292  694  148  
241  973  877  756  
288  263  541  800  
608  367  134  578  877  792  661  
768  481  305  803  896  462  
942  239  262  928  
435  754  856  779  873  
574  954  331  710  597  906  218  276  
902  355  621  182  332  
275  415  854  795  692  179  
156  572  262  515  686  798  894  
572  186  242  856  868  881  984  
782  701  285  700  
694  584  468  981  394  
793  600  902  871  617  677  
566  783  699  201  
821  719  404  992  
246  444  880  104  597  784  274  706  
429  694  325  210  421  950  
623  807  656  159  623  310  
584  819  263  225  153  122  154  
449  375  861  915  758  625  437  
401  728  607  
935  642  331  611  827  639  
273  227  857  
694  133  365  
537  252  384  896  671  
401  680  288  521  
633  754  956  725  161  837  304  276  
557  409  679  333  844  227  
382  313  275  111  151  
365  183  217  733  962  901  
667  240  769  712  926  457  
697  267  850  407  109  446  
555  833  875  253  789  895  960  
326  769  508  377  
717  943  692  782  
237  427  163  
326  392  774  632  
949  413  231  670  680  559  
958  567  985  651  
851  507  609  192  135  653  191  195  
117  584  175  894  399  
366  710  739  652  725  393  
211  318  522  629  
996  381  745  778  607  
763  719  151  102  509  
245  960  882  
788  651  225  996  778  812  
652  456  552  462  900  306  295  916  
350  178  917  452  
890  827  767  936  
158  732  421  452  
221  180  800  
785  305  211  232  
680  760  121  853  744  
471  473  398  892  
492  306  273  692  725  
959  777  715  694  
488  882  545  732  999  
771  904  111  299  157  499  
879  617  788  992  510  
262  593  554  108  656  512  908  
563  401  645  145  856  
787  335  560  
231  524  806  914  200  
591  122  426  337  338  783  298  
217  536  429  898  
649  990  639  804  197  302  459  764  373  
719  810  414  508  940  419  583  482  
914  988  853  790  208  
605  712  411  
186  406  389  324  388  
234  853  335  360  262  929  581  
307  751  486  806  
340  600  259  
576  360  911  809  
887  903  548  243  393  675  
952  179  190  579  
157  346  101  342  
149  146  146  
520  382  789  578  903  433  
855  581  767  943  
634  590  588  171  495  
567  466  293  835  271  
902  387  491  979  871  918  
811  837  624  245  384  838  
837  652  511  661  
476  181  999  257  545  443  359  234  
598  818  841  415  594  463  
332  699  503  548  718  
991  154  403  733  743  418  
253  836  155  782  337  146  
550  719  643  986  736  909  441  348  
362  496  339  793  
945  399  606  991  
641  680  481  634  
169  916  350  268  978  395  
314  591  511  274  109  
837  780  716  145  
735  258  761  324  481  
593  421  508  691  
898  403  521  482  541  
388  342  784  132  609  780  449  
847  413  461  
441  349  692  886  
291  810  247  
885  201  644  430  971  377  
599  811  875  671  201  633  
401  498  224  897  800  251  
281  595  967  248  965  
567  934  391  914  821  
524  830  688  361  
381  317  727  422  
254  544  669  319  969  
473  708  108  111  769  
668  820  560  596  335  
481  827  143  547  315  418  
873  525  612  312  909  674  118  
336  253  394  928  254  351  150  
180  770  510  771  833  447  
199  634  868  214  308  495  
463  680  985  
231  476  299  178  896  
754  270  226  864  311  505  
415  734  